torch.Size([50, 3, 224, 224])
dict_keys(['pixel_values'])
<class 'transformers.image_processing_utils.BatchFeature'>
torch.Size([50, 3, 224, 224])
tensor([[[[-2.0152, -1.7412, -1.9809,  ..., -1.8782, -1.6727, -2.0323],
          [-2.0152, -1.7412, -1.9980,  ..., -1.8610, -1.6555, -2.0323],
          [-2.0152, -1.7412, -1.9980,  ..., -1.8268, -1.6384, -2.0323],
          ...,
          [-2.0665, -0.7137, -0.3027,  ..., -0.0116, -0.4739, -2.0665],
          [-2.0665, -0.6965, -0.2684,  ..., -0.4226, -0.6281, -2.0323],
          [-2.0837, -0.6794, -0.2342,  ..., -0.3369, -0.5767, -2.0665]],

         [[-1.9657, -1.5455, -1.7206,  ..., -1.5280, -1.4230, -1.9657],
          [-1.9482, -1.5630, -1.7381,  ..., -1.5280, -1.4405, -1.9482],
          [-1.9307, -1.5805, -1.7556,  ..., -1.5105, -1.4405, -1.9482],
          ...,
          [-1.9832, -0.4426,  0.0651,  ..., -0.4076, -0.7227, -1.9832],
          [-2.0007, -0.4251,  0.1176,  ..., -0.8102, -0.8627, -1.9307],
          [-2.0007, -0.4076,  0.1877,  ..., -0.7752, -0.7927, -1.9657]],

         [[-1.6824, -1.5430, -1.8044,  ..., -1.8044, -1.5081, -1.6650],
          [-1.7347, -1.5081, -1.8044,  ..., -1.8044, -1.4733, -1.6824],
          [-1.7347, -1.5081, -1.8044,  ..., -1.8044, -1.4559, -1.6999],
          ...,
          [-1.6999, -1.4733, -1.8044,  ..., -0.7936, -0.8807, -1.7522],
          [-1.6999, -1.4559, -1.8044,  ..., -1.1421, -1.0027, -1.7173],
          [-1.6999, -1.4733, -1.8044,  ..., -1.1247, -0.9678, -1.7522]]],


        [[[ 1.5982,  1.0331,  1.2214,  ...,  0.9817,  0.9474,  0.9646],
          [ 0.7077,  0.5193,  0.9132,  ...,  1.0159,  0.9817,  0.9646],
          [ 1.2043,  1.4783,  1.8722,  ...,  0.9988,  1.0673,  1.0673],
          ...,
          [ 0.2967,  0.1597,  0.1254,  ..., -0.4397, -0.3883, -0.3369],
          [ 0.2967,  0.2453,  0.1768,  ..., -0.3883, -0.3883, -0.3198],
          [ 0.3994,  0.3823,  0.2967,  ..., -0.3369, -0.3883, -0.3369]],

         [[ 1.8508,  1.2731,  1.3957,  ...,  1.2031,  1.2381,  1.2906],
          [ 0.8704,  0.6779,  0.9580,  ...,  1.2556,  1.2906,  1.2731],
          [ 1.3606,  1.6057,  1.9034,  ...,  1.3606,  1.3431,  1.3606],
          ...,
          [-0.0399, -0.1275, -0.1975,  ..., -0.5651, -0.5126, -0.4951],
          [-0.0399, -0.0924, -0.1450,  ..., -0.5651, -0.5826, -0.5301],
          [ 0.0301, -0.0049, -0.0399,  ..., -0.4951, -0.5651, -0.5126]],

         [[ 2.0648,  1.4025,  1.6117,  ...,  1.2805,  1.2631,  1.2805],
          [ 1.1237,  0.8448,  1.1934,  ...,  1.2631,  1.2457,  1.2457],
          [ 1.5245,  1.8208,  2.1694,  ...,  1.2805,  1.3154,  1.3328],
          ...,
          [-0.2184, -0.2881, -0.3753,  ..., -0.5844, -0.5495, -0.5495],
          [-0.3055, -0.3055, -0.3055,  ..., -0.6193, -0.6193, -0.5495],
          [-0.2010, -0.2184, -0.2184,  ..., -0.5321, -0.5844, -0.5321]]],


        [[[ 0.2796,  0.2796,  0.2967,  ...,  0.2282,  0.2624,  0.2796],
          [ 0.3138,  0.3138,  0.3138,  ...,  0.2453,  0.2453,  0.2796],
          [ 0.3138,  0.3138,  0.3309,  ...,  0.2282,  0.2453,  0.2624],
          ...,
          [-0.8507, -0.9363, -0.8507,  ..., -0.3369, -0.3369, -0.3369],
          [-0.9534, -0.9534, -1.0390,  ..., -0.3712, -0.3198, -0.3883],
          [-0.7822, -0.8678, -0.7993,  ..., -0.3712, -0.4397, -0.4226]],

         [[ 1.1681,  1.1681,  1.2031,  ...,  1.1681,  1.1506,  1.1506],
          [ 1.1681,  1.1681,  1.2031,  ...,  1.1506,  1.1506,  1.1681],
          [ 1.2031,  1.2031,  1.2031,  ...,  1.1681,  1.1331,  1.1506],
          ...,
          [-0.3375, -0.4251, -0.3025,  ...,  0.2227,  0.1877,  0.1877],
          [-0.4426, -0.3901, -0.5126,  ...,  0.1702,  0.2402,  0.1702],
          [-0.1275, -0.2500, -0.1625,  ...,  0.2577,  0.1877,  0.2227]],

         [[ 2.3611,  2.3611,  2.3611,  ...,  2.3437,  2.3437,  2.3263],
          [ 2.3611,  2.3611,  2.3786,  ...,  2.3437,  2.3263,  2.3263],
          [ 2.3786,  2.3786,  2.3960,  ...,  2.3786,  2.3437,  2.3437],
          ...,
          [ 0.4091,  0.2871,  0.5311,  ...,  0.8448,  0.8622,  0.8971],
          [ 0.2871,  0.3219,  0.1651,  ...,  0.9668,  0.9842,  0.9145],
          [ 0.6531,  0.5136,  0.6008,  ...,  1.0017,  0.9668,  1.0365]]],


        ...,


        [[[ 1.1358,  1.1529,  1.1015,  ...,  1.0159,  0.7248,  0.7591],
          [ 1.1358,  1.1529,  1.1015,  ...,  1.0331,  0.0056,  1.2214],
          [ 1.1529,  1.1358,  1.1187,  ..., -0.9020, -0.3198, -0.1828],
          ...,
          [ 2.0434,  1.9920,  1.8550,  ..., -0.5082, -0.5253, -0.5082],
          [ 2.0948,  2.0605,  2.0605,  ..., -0.3712, -0.3369, -0.2513],
          [ 1.9749,  1.9920,  2.0605,  ..., -0.1143, -0.0801, -0.0629]],

         [[ 0.8880,  0.9405,  0.8704,  ...,  1.7633,  1.4482,  1.6232],
          [ 0.8704,  0.9055,  0.9055,  ...,  1.6408,  1.0280,  1.9034],
          [ 0.8704,  0.8880,  0.9405,  ..., -0.2500,  0.4328,  0.5728],
          ...,
          [ 2.2360,  2.1660,  2.0084,  ..., -0.9328, -0.9153, -0.9153],
          [ 2.2360,  2.2010,  2.2360,  ..., -0.8277, -0.8102, -0.7227],
          [ 2.0434,  2.0434,  2.0609,  ..., -0.7227, -0.6527, -0.6352]],

         [[ 0.9145,  0.9319,  0.9145,  ...,  1.2805,  0.8971,  0.7402],
          [ 0.9145,  0.8971,  0.8797,  ...,  0.9494,  0.0082,  1.1759],
          [ 0.9494,  0.8622,  0.8971,  ..., -0.7413, -0.2881, -0.2707],
          ...,
          [ 2.4483,  2.3611,  2.2217,  ..., -0.9156, -0.8981, -0.8110],
          [ 2.5006,  2.4657,  2.5180,  ..., -0.8458, -0.8284, -0.6715],
          [ 2.3786,  2.4308,  2.4483,  ..., -0.7587, -0.7064, -0.5844]]],


        [[[ 0.8447,  0.8789,  0.9132,  ...,  1.7009,  1.8893,  1.9064],
          [ 0.9132,  0.8961,  0.9132,  ...,  1.7180,  1.8208,  1.8893],
          [ 0.8961,  0.8789,  0.9474,  ...,  1.7009,  1.7865,  1.8893],
          ...,
          [ 0.9132,  1.1187,  1.2385,  ..., -1.4843, -1.5014, -1.4843],
          [ 0.9646,  1.1015,  1.2557,  ..., -1.4329, -1.4843, -1.4843],
          [ 1.0159,  1.1358,  1.3070,  ..., -1.4158, -1.4500, -1.4672]],

         [[-0.1099, -0.0399, -0.0749,  ...,  1.1331,  1.3256,  1.3256],
          [-0.0749, -0.0399, -0.0574,  ...,  1.1155,  1.2556,  1.2556],
          [-0.0749, -0.0574, -0.0049,  ...,  1.0805,  1.2206,  1.2731],
          ...,
          [ 0.8880,  1.0455,  1.2031,  ..., -1.8081, -1.7906, -1.7906],
          [ 0.9230,  1.0630,  1.2381,  ..., -1.8081, -1.8081, -1.8081],
          [ 0.9755,  1.0980,  1.2556,  ..., -1.7906, -1.7556, -1.7731]],

         [[-1.2990, -1.2641, -1.2467,  ...,  0.1128,  0.2871,  0.3219],
          [-1.2641, -1.2467, -1.2293,  ...,  0.0953,  0.1825,  0.2173],
          [-1.2641, -1.2467, -1.2293,  ...,  0.0953,  0.1651,  0.2348],
          ...,
          [ 1.2805,  1.4548,  1.5942,  ..., -1.7870, -1.7696, -1.7696],
          [ 1.3154,  1.4897,  1.6465,  ..., -1.7870, -1.7870, -1.7870],
          [ 1.3677,  1.5071,  1.6814,  ..., -1.7870, -1.7696, -1.7696]]],


        [[[ 1.4612,  1.4783,  1.5468,  ..., -1.1589, -1.1932, -1.1760],
          [ 1.4612,  1.4783,  1.5639,  ..., -1.2274, -1.2445, -1.1760],
          [ 1.4612,  1.4954,  1.5468,  ..., -1.1932, -1.2788, -1.2445],
          ...,
          [ 0.4851,  0.4851,  0.4337,  ...,  0.7419,  0.7248,  0.6563],
          [ 0.7248,  0.6906,  0.5707,  ...,  0.7419,  0.6392,  0.6563],
          [ 0.7248,  0.5878,  0.5536,  ...,  0.7248,  0.7248,  0.6906]],

         [[ 1.6933,  1.7283,  1.7808,  ..., -1.1954, -1.1429, -1.1078],
          [ 1.6933,  1.7108,  1.7808,  ..., -1.2304, -1.1604, -1.1078],
          [ 1.7108,  1.7458,  1.7808,  ..., -1.1779, -1.1954, -1.1604],
          ...,
          [ 0.5728,  0.5728,  0.4678,  ...,  0.9230,  0.8880,  0.8179],
          [ 0.8179,  0.7829,  0.6429,  ...,  0.8880,  0.8004,  0.8179],
          [ 0.8004,  0.6604,  0.6254,  ...,  0.8529,  0.8880,  0.8529]],

         [[ 2.0300,  2.0648,  2.1171,  ..., -1.0550, -1.1247, -1.1247],
          [ 2.0300,  2.0300,  2.1171,  ..., -1.1247, -1.1596, -1.1073],
          [ 1.9951,  2.0823,  2.1171,  ..., -1.0898, -1.1770, -1.1421],
          ...,
          [ 0.7228,  0.7054,  0.6879,  ...,  1.0365,  1.0191,  0.9494],
          [ 0.9842,  0.9145,  0.8448,  ...,  1.0365,  0.9319,  0.9494],
          [ 0.9668,  0.8448,  0.8274,  ...,  1.0017,  1.0191,  0.9842]]]])
